0.000000 0.000000
0.006283 0.006283
0.012566 0.012566
0.018850 0.018848
0.025133 0.025130
0.031416 0.031411
0.037699 0.037690
0.043982 0.043968
0.050265 0.050244
0.056549 0.056519
0.062832 0.062791
0.069115 0.069060
0.075398 0.075327
0.081681 0.081591
0.087965 0.087851
0.094248 0.094108
0.100531 0.100362
0.106814 0.106611
0.113097 0.112856
0.119381 0.119097
0.125664 0.125333
0.131947 0.131564
0.138230 0.137790
0.144513 0.144011
0.150796 0.150226
0.157080 0.156434
0.163363 0.162637
0.169646 0.168833
0.175929 0.175023
0.182212 0.181206
0.188496 0.187381
0.194779 0.193549
0.201062 0.199710
0.207345 0.205863
0.213628 0.212007
0.219911 0.218143
0.226195 0.224271
0.232478 0.230389
0.238761 0.236499
0.245044 0.242599
0.251327 0.248690
0.257611 0.254771
0.263894 0.260842
0.270177 0.266902
0.276460 0.272952
0.282743 0.278991
0.289027 0.285019
0.295310 0.291036
0.301593 0.297042
0.307876 0.303035
0.314159 0.309017
0.320442 0.314987
0.326726 0.320944
0.333009 0.326888
0.339292 0.332820
0.345575 0.338738
0.351858 0.344643
0.358142 0.350534
0.364425 0.356412
0.370708 0.362275
0.376991 0.368125
0.383274 0.373959
0.389557 0.379779
0.395841 0.385584
0.402124 0.391374
0.408407 0.397148
0.414690 0.402906
0.420973 0.408649
0.427257 0.414376
0.433540 0.420086
0.439823 0.425779
0.446106 0.431456
0.452389 0.437116
0.458673 0.442758
0.464956 0.448383
0.471239 0.453990
0.477522 0.459580
0.483805 0.465151
0.490088 0.470704
0.496372 0.476238
0.502655 0.481754
0.508938 0.487250
0.515221 0.492727
0.521504 0.498185
0.527788 0.503623
0.534071 0.509041
0.540354 0.514440
0.546637 0.519817
0.552920 0.525175
0.559203 0.530511
0.565487 0.535827
0.571770 0.541121
0.578053 0.546394
0.584336 0.551646
0.590619 0.556876
0.596903 0.562083
0.603186 0.567269
0.609469 0.572432
0.615752 0.577573
0.622035 0.582690
0.628319 0.587785
0.634602 0.592857
0.640885 0.597905
0.647168 0.602930
0.653451 0.607930
0.659734 0.612907
0.666018 0.617860
0.672301 0.622788
0.678584 0.627691
0.684867 0.632570
0.691150 0.637424
0.697434 0.642253
0.703717 0.647056
0.710000 0.651834
0.716283 0.656586
0.722566 0.661312
0.728849 0.666012
0.735133 0.670686
0.741416 0.675333
0.747699 0.679953
0.753982 0.684547
0.760265 0.689114
0.766549 0.693653
0.772832 0.698165
0.779115 0.702650
0.785398 0.707107
0.791681 0.711536
0.797965 0.715936
0.804248 0.720309
0.810531 0.724653
0.816814 0.728969
0.823097 0.733255
0.829380 0.737513
0.835664 0.741742
0.841947 0.745941
0.848230 0.750111
0.854513 0.754251
0.860796 0.758362
0.867080 0.762443
0.873363 0.766493
0.879646 0.770513
0.885929 0.774503
0.892212 0.778462
0.898495 0.782391
0.904779 0.786288
0.911062 0.790155
0.917345 0.793990
0.923628 0.797794
0.929911 0.801567
0.936195 0.805308
0.942478 0.809017
0.948761 0.812694
0.955044 0.816339
0.961327 0.819952
0.967611 0.823533
0.973894 0.827081
0.980177 0.830596
0.986460 0.834078
0.992743 0.837528
0.999026 0.840945
1.005310 0.844328
1.011593 0.847678
1.017876 0.850994
1.024159 0.854277
1.030442 0.857527
1.036726 0.860742
1.043009 0.863923
1.049292 0.867071
1.055575 0.870184
1.061858 0.873262
1.068142 0.876307
1.074425 0.879316
1.080708 0.882291
1.086991 0.885231
1.093274 0.888136
1.099557 0.891007
1.105841 0.893841
1.112124 0.896641
1.118407 0.899405
1.124690 0.902134
1.130973 0.904827
1.137257 0.907484
1.143540 0.910106
1.149823 0.912692
1.156106 0.915241
1.162389 0.917755
1.168672 0.920232
1.174956 0.922673
1.181239 0.925077
1.187522 0.927445
1.193805 0.929776
1.200088 0.932071
1.206372 0.934329
1.212655 0.936550
1.218938 0.938734
1.225221 0.940881
1.231504 0.942991
1.237788 0.945063
1.244071 0.947098
1.250354 0.949096
1.256637 0.951057
1.262920 0.952979
1.269203 0.954865
1.275487 0.956712
1.281770 0.958522
1.288053 0.960294
1.294336 0.962028
1.300619 0.963724
1.306903 0.965382
1.313186 0.967001
1.319469 0.968583
1.325752 0.970127
1.332035 0.971632
1.338318 0.973099
1.344602 0.974527
1.350885 0.975917
1.357168 0.977268
1.363451 0.978581
1.369734 0.979855
1.376018 0.981091
1.382301 0.982287
1.388584 0.983445
1.394867 0.984564
1.401150 0.985645
1.407434 0.986686
1.413717 0.987688
1.420000 0.988652
1.426283 0.989576
1.432566 0.990461
1.438849 0.991308
1.445133 0.992115
1.451416 0.992883
1.457699 0.993611
1.463982 0.994301
1.470265 0.994951
1.476549 0.995562
1.482832 0.996134
1.489115 0.996666
1.495398 0.997159
1.501681 0.997613
1.507964 0.998027
1.514248 0.998402
1.520531 0.998737
1.526814 0.999033
1.533097 0.999289
1.539380 0.999507
1.545664 0.999684
1.551947 0.999822
1.558230 0.999921
1.564513 0.999980
1.570796 1.000000
1.577080 0.999980
1.583363 0.999921
1.589646 0.999822
1.595929 0.999684
1.602212 0.999507
1.608495 0.999289
1.614779 0.999033
1.621062 0.998737
1.627345 0.998402
1.633628 0.998027
1.639911 0.997613
1.646195 0.997159
1.652478 0.996666
1.658761 0.996134
1.665044 0.995562
1.671327 0.994951
1.677610 0.994301
1.683894 0.993611
1.690177 0.992883
1.696460 0.992115
1.702743 0.991308
1.709026 0.990461
1.715310 0.989576
1.721593 0.988652
1.727876 0.987688
1.734159 0.986686
1.740442 0.985645
1.746726 0.984564
1.753009 0.983445
1.759292 0.982287
1.765575 0.981091
1.771858 0.979855
1.778141 0.978581
1.784425 0.977268
1.790708 0.975917
1.796991 0.974527
1.803274 0.973099
1.809557 0.971632
1.815841 0.970127
1.822124 0.968583
1.828407 0.967001
1.834690 0.965382
1.840973 0.963724
1.847256 0.962028
1.853540 0.960294
1.859823 0.958522
1.866106 0.956712
1.872389 0.954865
1.878672 0.952979
1.884956 0.951057
1.891239 0.949096
1.897522 0.947098
1.903805 0.945063
1.910088 0.942991
1.916372 0.940881
1.922655 0.938734
1.928938 0.936550
1.935221 0.934329
1.941504 0.932071
1.947787 0.929776
1.954071 0.927445
1.960354 0.925077
1.966637 0.922673
1.972920 0.920232
1.979203 0.917755
1.985487 0.915241
1.991770 0.912692
1.998053 0.910106
2.004336 0.907484
2.010619 0.904827
2.016902 0.902134
2.023186 0.899405
2.029469 0.896641
2.035752 0.893841
2.042035 0.891007
2.048318 0.888136
2.054602 0.885231
2.060885 0.882291
2.067168 0.879316
2.073451 0.876307
2.079734 0.873262
2.086018 0.870184
2.092301 0.867071
2.098584 0.863923
2.104867 0.860742
2.111150 0.857527
2.117433 0.854277
2.123717 0.850994
2.130000 0.847678
2.136283 0.844328
2.142566 0.840945
2.148849 0.837528
2.155133 0.834078
2.161416 0.830596
2.167699 0.827081
2.173982 0.823533
2.180265 0.819952
2.186548 0.816339
2.192832 0.812694
2.199115 0.809017
2.205398 0.805308
2.211681 0.801567
2.217964 0.797794
2.224248 0.793990
2.230531 0.790155
2.236814 0.786288
2.243097 0.782391
2.249380 0.778462
2.255664 0.774503
2.261947 0.770513
2.268230 0.766493
2.274513 0.762443
2.280796 0.758362
2.287079 0.754251
2.293363 0.750111
2.299646 0.745941
2.305929 0.741742
2.312212 0.737513
2.318495 0.733255
2.324779 0.728969
2.331062 0.724653
2.337345 0.720309
2.343628 0.715936
2.349911 0.711536
2.356194 0.707107
2.362478 0.702650
2.368761 0.698165
2.375044 0.693653
2.381327 0.689114
2.387610 0.684547
2.393894 0.679953
2.400177 0.675333
2.406460 0.670686
2.412743 0.666012
2.419026 0.661312
2.425310 0.656586
2.431593 0.651834
2.437876 0.647056
2.444159 0.642253
2.450442 0.637424
2.456725 0.632570
2.463009 0.627691
2.469292 0.622788
2.475575 0.617860
2.481858 0.612907
2.488141 0.607930
2.494425 0.602930
2.500708 0.597905
2.506991 0.592857
2.513274 0.587785
2.519557 0.582690
2.525840 0.577573
2.532124 0.572432
2.538407 0.567269
2.544690 0.562083
2.550973 0.556876
2.557256 0.551646
2.563540 0.546394
2.569823 0.541121
2.576106 0.535827
2.582389 0.530511
2.588672 0.525175
2.594956 0.519817
2.601239 0.514440
2.607522 0.509041
2.613805 0.503623
2.620088 0.498185
2.626371 0.492727
2.632655 0.487250
2.638938 0.481754
2.645221 0.476238
2.651504 0.470704
2.657787 0.465151
2.664071 0.459580
2.670354 0.453990
2.676637 0.448383
2.682920 0.442758
2.689203 0.437116
2.695486 0.431456
2.701770 0.425779
2.708053 0.420086
2.714336 0.414376
2.720619 0.408649
2.726902 0.402906
2.733186 0.397148
2.739469 0.391374
2.745752 0.385584
2.752035 0.379779
2.758318 0.373959
2.764602 0.368125
2.770885 0.362275
2.777168 0.356412
2.783451 0.350534
2.789734 0.344643
2.796017 0.338738
2.802301 0.332820
2.808584 0.326888
2.814867 0.320944
2.821150 0.314987
2.827433 0.309017
2.833717 0.303035
2.840000 0.297042
2.846283 0.291036
2.852566 0.285019
2.858849 0.278991
2.865133 0.272952
2.871416 0.266902
2.877699 0.260842
2.883982 0.254771
2.890265 0.248690
2.896548 0.242599
2.902832 0.236499
2.909115 0.230389
2.915398 0.224271
2.921681 0.218143
2.927964 0.212007
2.934248 0.205863
2.940531 0.199710
2.946814 0.193549
2.953097 0.187381
2.959380 0.181206
2.965663 0.175023
2.971947 0.168833
2.978230 0.162637
2.984513 0.156434
2.990796 0.150226
2.997079 0.144011
3.003363 0.137790
3.009646 0.131564
3.015929 0.125333
3.022212 0.119097
3.028495 0.112856
3.034779 0.106611
3.041062 0.100362
3.047345 0.094108
3.053628 0.087851
3.059911 0.081591
3.066194 0.075327
3.072478 0.069060
3.078761 0.062791
3.085044 0.056519
3.091327 0.050244
3.097610 0.043968
3.103894 0.037690
3.110177 0.031411
3.116460 0.025130
3.122743 0.018848
3.129026 0.012566
3.135309 0.006283
3.141593 -0.000000
3.147876 -0.006283
3.154159 -0.012566
3.160442 -0.018848
3.166725 -0.025130
3.173009 -0.031411
3.179292 -0.037690
3.185575 -0.043968
3.191858 -0.050244
3.198141 -0.056519
3.204425 -0.062791
3.210708 -0.069060
3.216991 -0.075327
3.223274 -0.081591
3.229557 -0.087851
3.235840 -0.094108
3.242124 -0.100362
3.248407 -0.106611
3.254690 -0.112856
3.260973 -0.119097
3.267256 -0.125333
3.273540 -0.131564
3.279823 -0.137790
3.286106 -0.144011
3.292389 -0.150226
3.298672 -0.156434
3.304955 -0.162637
3.311239 -0.168833
3.317522 -0.175023
3.323805 -0.181206
3.330088 -0.187381
3.336371 -0.193549
3.342655 -0.199710
3.348938 -0.205863
3.355221 -0.212007
3.361504 -0.218143
3.367787 -0.224271
3.374071 -0.230389
3.380354 -0.236499
3.386637 -0.242599
3.392920 -0.248690
3.399203 -0.254771
3.405486 -0.260842
3.411770 -0.266902
3.418053 -0.272952
3.424336 -0.278991
3.430619 -0.285019
3.436902 -0.291036
3.443186 -0.297042
3.449469 -0.303035
3.455752 -0.309017
3.462035 -0.314987
3.468318 -0.320944
3.474601 -0.326888
3.480885 -0.332820
3.487168 -0.338738
3.493451 -0.344643
3.499734 -0.350534
3.506017 -0.356412
3.512301 -0.362275
3.518584 -0.368125
3.524867 -0.373959
3.531150 -0.379779
3.537433 -0.385584
3.543717 -0.391374
3.550000 -0.397148
3.556283 -0.402906
3.562566 -0.408649
3.568849 -0.414376
3.575132 -0.420086
3.581416 -0.425779
3.587699 -0.431456
3.593982 -0.437116
3.600265 -0.442758
3.606548 -0.448383
3.612832 -0.453991
3.619115 -0.459580
3.625398 -0.465151
3.631681 -0.470704
3.637964 -0.476238
3.644247 -0.481754
3.650531 -0.487250
3.656814 -0.492727
3.663097 -0.498185
3.669380 -0.503623
3.675663 -0.509041
3.681947 -0.514440
3.688230 -0.519817
3.694513 -0.525175
3.700796 -0.530511
3.707079 -0.535827
3.713363 -0.541121
3.719646 -0.546394
3.725929 -0.551646
3.732212 -0.556876
3.738495 -0.562083
3.744778 -0.567269
3.751062 -0.572432
3.757345 -0.577573
3.763628 -0.582691
3.769911 -0.587785
3.776194 -0.592857
3.782478 -0.597905
3.788761 -0.602930
3.795044 -0.607930
3.801327 -0.612907
3.807610 -0.617860
3.813893 -0.622788
3.820177 -0.627691
3.826460 -0.632570
3.832743 -0.637424
3.839026 -0.642253
3.845309 -0.647056
3.851593 -0.651834
3.857876 -0.656586
3.864159 -0.661312
3.870442 -0.666012
3.876725 -0.670686
3.883009 -0.675333
3.889292 -0.679953
3.895575 -0.684547
3.901858 -0.689114
3.908141 -0.693653
3.914424 -0.698165
3.920708 -0.702650
3.926991 -0.707107
3.933274 -0.711536
3.939557 -0.715937
3.945840 -0.720309
3.952124 -0.724653
3.958407 -0.728969
3.964690 -0.733255
3.970973 -0.737513
3.977256 -0.741742
3.983539 -0.745941
3.989823 -0.750111
3.996106 -0.754251
4.002389 -0.758362
4.008672 -0.762443
4.014955 -0.766493
4.021239 -0.770513
4.027522 -0.774503
4.033805 -0.778462
4.040088 -0.782391
4.046371 -0.786289
4.052655 -0.790155
4.058938 -0.793991
4.065221 -0.797795
4.071504 -0.801567
4.077787 -0.805308
4.084070 -0.809017
4.090354 -0.812694
4.096637 -0.816339
4.102920 -0.819952
4.109203 -0.823533
4.115486 -0.827081
4.121770 -0.830596
4.128053 -0.834079
4.134336 -0.837528
4.140619 -0.840945
4.146902 -0.844328
4.153185 -0.847678
4.159469 -0.850995
4.165752 -0.854278
4.172035 -0.857527
4.178318 -0.860742
4.184601 -0.863924
4.190885 -0.867071
4.197168 -0.870184
4.203451 -0.873263
4.209734 -0.876307
4.216017 -0.879317
4.222301 -0.882291
4.228584 -0.885232
4.234867 -0.888137
4.241150 -0.891007
4.247433 -0.893842
4.253716 -0.896641
4.260000 -0.899406
4.266283 -0.902134
4.272566 -0.904827
4.278849 -0.907485
4.285132 -0.910106
4.291416 -0.912692
4.297699 -0.915242
4.303982 -0.917755
4.310265 -0.920232
4.316548 -0.922673
4.322831 -0.925078
4.329115 -0.927446
4.335398 -0.929777
4.341681 -0.932072
4.347964 -0.934329
4.354247 -0.936550
4.360531 -0.938734
4.366814 -0.940881
4.373097 -0.942991
4.379380 -0.945064
4.385663 -0.947099
4.391947 -0.949097
4.398230 -0.951057
4.404513 -0.952980
4.410796 -0.954865
4.417079 -0.956713
4.423362 -0.958522
4.429646 -0.960294
4.435929 -0.962028
4.442212 -0.963724
4.448495 -0.965382
4.454778 -0.967002
4.461062 -0.968584
4.467345 -0.970127
4.473628 -0.971633
4.479911 -0.973099
4.486194 -0.974528
4.492477 -0.975918
4.498761 -0.977269
4.505044 -0.978582
4.511327 -0.979856
4.517610 -0.981092
4.523893 -0.982288
4.530177 -0.983446
4.536460 -0.984565
4.542743 -0.985646
4.549026 -0.986687
4.555309 -0.987690
4.561593 -0.988653
4.567876 -0.989577
4.574159 -0.990463
4.580442 -0.991309
4.586725 -0.992116
4.593008 -0.992884
4.599292 -0.993613
4.605575 -0.994302
4.611858 -0.994953
4.618141 -0.995564
4.624424 -0.996135
4.630708 -0.996668
4.636991 -0.997161
4.643274 -0.997614
4.649557 -0.998029
4.655840 -0.998404
4.662123 -0.998739
4.668407 -0.999035
4.674690 -0.999292
4.680973 -0.999509
4.687256 -0.999686
4.693539 -0.999825
4.699823 -0.999923
4.706106 -0.999983
4.712389 -1.000003
4.718672 -0.999983
4.724955 -0.999924
4.731239 -0.999825
4.737522 -0.999687
4.743805 -0.999510
4.750088 -0.999293
4.756371 -0.999036
4.762654 -0.998740
4.768938 -0.998405
4.775221 -0.998030
4.781504 -0.997616
4.787787 -0.997162
4.794070 -0.996670
4.800354 -0.996137
4.806637 -0.995566
4.812920 -0.994955
4.819203 -0.994305
4.825486 -0.993616
4.831770 -0.992887
4.838053 -0.992119
4.844336 -0.991312
4.850619 -0.990466
4.856902 -0.989581
4.863185 -0.988657
4.869469 -0.987693
4.875752 -0.986691
4.882035 -0.985650
4.888318 -0.984570
4.894601 -0.983451
4.900885 -0.982293
4.907168 -0.981097
4.913451 -0.979861
4.919734 -0.978587
4.926017 -0.977275
4.932300 -0.975923
4.938584 -0.974534
4.944867 -0.973106
4.951150 -0.971639
4.957433 -0.970134
4.963716 -0.968591
4.970000 -0.967009
4.976283 -0.965390
4.982566 -0.963732
4.988849 -0.962036
4.995132 -0.960302
5.001416 -0.958531
5.007699 -0.956721
5.013982 -0.954874
5.020265 -0.952989
5.026548 -0.951066
5.032831 -0.949106
5.039115 -0.947109
5.045398 -0.945074
5.051681 -0.943002
5.057964 -0.940892
5.064247 -0.938745
5.070531 -0.936562
5.076814 -0.934341
5.083097 -0.932084
5.089380 -0.929789
5.095663 -0.927458
5.101946 -0.925091
5.108230 -0.922687
5.114513 -0.920246
5.120796 -0.917769
5.127079 -0.915256
5.133362 -0.912707
5.139646 -0.910122
5.145929 -0.907501
5.152212 -0.904844
5.158495 -0.902151
5.164778 -0.899423
5.171062 -0.896659
5.177345 -0.893860
5.183628 -0.891025
5.189911 -0.888156
5.196194 -0.885251
5.202477 -0.882312
5.208761 -0.879337
5.215044 -0.876328
5.221327 -0.873284
5.227610 -0.870206
5.233893 -0.867094
5.240177 -0.863947
5.246460 -0.860766
5.252743 -0.857552
5.259026 -0.854303
5.265309 -0.851021
5.271592 -0.847705
5.277876 -0.844355
5.284159 -0.840973
5.290442 -0.837557
5.296725 -0.834108
5.303008 -0.830626
5.309292 -0.827112
5.315575 -0.823565
5.321858 -0.819985
5.328141 -0.816373
5.334424 -0.812729
5.340708 -0.809052
5.346991 -0.805344
5.353274 -0.801604
5.359557 -0.797832
5.365840 -0.794029
5.372123 -0.790195
5.378407 -0.786329
5.384690 -0.782433
5.390973 -0.778505
5.397256 -0.774547
5.403539 -0.770558
5.409823 -0.766539
5.416106 -0.762490
5.422389 -0.758410
5.428672 -0.754301
5.434955 -0.750162
5.441238 -0.745993
5.447522 -0.741795
5.453805 -0.737568
5.460088 -0.733311
5.466371 -0.729026
5.472654 -0.724712
5.478938 -0.720369
5.485221 -0.715998
5.491504 -0.711599
5.497787 -0.707171
5.504070 -0.702716
5.510354 -0.698233
5.516637 -0.693723
5.522920 -0.689185
5.529203 -0.684620
5.535486 -0.680028
5.541769 -0.675409
5.548053 -0.670764
5.554336 -0.666092
5.560619 -0.661394
5.566902 -0.656670
5.573185 -0.651920
5.579469 -0.647144
5.585752 -0.642343
5.592035 -0.637516
5.598318 -0.632664
5.604601 -0.627788
5.610884 -0.622887
5.617168 -0.617961
5.623451 -0.613011
5.629734 -0.608036
5.636017 -0.603038
5.642300 -0.598016
5.648584 -0.592970
5.654867 -0.587902
5.661150 -0.582810
5.667433 -0.577695
5.673716 -0.572557
5.680000 -0.567397
5.686283 -0.562214
5.692566 -0.557009
5.698849 -0.551783
5.705132 -0.546534
5.711415 -0.541264
5.717699 -0.535973
5.723982 -0.530661
5.730265 -0.525328
5.736548 -0.519974
5.742831 -0.514600
5.749115 -0.509206
5.755398 -0.503791
5.761681 -0.498357
5.767964 -0.492903
5.774247 -0.487430
5.780530 -0.481938
5.786814 -0.476426
5.793097 -0.470897
5.799380 -0.465348
5.805663 -0.459781
5.811946 -0.454197
5.818230 -0.448594
5.824513 -0.442974
5.830796 -0.437336
5.837079 -0.431682
5.843362 -0.426010
5.849646 -0.420322
5.855929 -0.414617
5.862212 -0.408896
5.868495 -0.403159
5.874778 -0.397406
5.881061 -0.391637
5.887345 -0.385854
5.893628 -0.380055
5.899911 -0.374241
5.906194 -0.368413
5.912477 -0.362570
5.918761 -0.356713
5.925044 -0.350842
5.931327 -0.344958
5.937610 -0.339060
5.943893 -0.333149
5.950176 -0.327225
5.956460 -0.321288
5.962743 -0.315338
5.969026 -0.309377
5.975309 -0.303403
5.981592 -0.297417
5.987876 -0.291420
5.994159 -0.285412
6.000442 -0.279392
6.006725 -0.273362
6.013008 -0.267321
6.019292 -0.261270
6.025575 -0.255208
6.031858 -0.249137
6.038141 -0.243056
6.044424 -0.236966
6.050707 -0.230867
6.056991 -0.224759
6.063274 -0.218642
6.069557 -0.212517
6.075840 -0.206383
6.082123 -0.200242
6.088407 -0.194093
6.094690 -0.187937
6.100973 -0.181773
6.107256 -0.175603
6.113539 -0.169426
6.119822 -0.163242
6.126106 -0.157053
6.132389 -0.150857
6.138672 -0.144656
6.144955 -0.138449
6.151238 -0.132238
6.157522 -0.126021
6.163805 -0.119800
6.170088 -0.113574
6.176371 -0.107344
6.182654 -0.101110
6.188938 -0.094873
6.195221 -0.088632
6.201504 -0.082388
6.207787 -0.076142
6.214070 -0.069892
6.220353 -0.063641
6.226637 -0.057387
6.232920 -0.051131
6.239203 -0.044873
6.245486 -0.038615
6.251769 -0.032355
6.258053 -0.026094
6.264336 -0.019833
6.270619 -0.013571
6.276902 -0.007310
